Collision: 0, Recovery: 0.211139, Smoothness: -31.198458, Status: success, Time: 24.477, Reward: 181.878, World: world_282.world
Collision: 0, Recovery: 0.165692, Smoothness: -24.194069, Status: success, Time: 20.760, Reward: 193.516, World: world_282.world
Collision: 0, Recovery: 0.429593, Smoothness: -58.891596, Status: success, Time: 36.599, Reward: 116.525, World: world_282.world
